              precision    recall  f1-score   support

           A     1.0000    1.0000    1.0000        60
           B     1.0000    1.0000    1.0000        60
           C     1.0000    1.0000    1.0000        60
           D     1.0000    1.0000    1.0000        61
           E     1.0000    1.0000    1.0000        62
           F     1.0000    1.0000    1.0000        60
           G     1.0000    1.0000    1.0000        64
           H     1.0000    1.0000    1.0000        60
           I     1.0000    1.0000    1.0000        61
           J     1.0000    1.0000    1.0000        60
           K     1.0000    1.0000    1.0000        61
           L     1.0000    1.0000    1.0000        60
           M     1.0000    1.0000    1.0000        61
           N     1.0000    1.0000    1.0000        60
           O     1.0000    1.0000    1.0000        60
           P     1.0000    1.0000    1.0000        62
           Q     1.0000    1.0000    1.0000        60
           R     1.0000    1.0000    1.0000        61
           S     1.0000    1.0000    1.0000        60
       SPACE     1.0000    1.0000    1.0000        61
           T     1.0000    1.0000    1.0000        64
           U     1.0000    1.0000    1.0000        61
           V     1.0000    1.0000    1.0000        61
           W     1.0000    1.0000    1.0000        60
           X     1.0000    1.0000    1.0000        60
          YY     1.0000    1.0000    1.0000        60
           Z     1.0000    1.0000    1.0000        60

    accuracy                         1.0000      1640
   macro avg     1.0000    1.0000    1.0000      1640
weighted avg     1.0000    1.0000    1.0000      1640
